"""
    Chapter 最終問題 49.      Kaggleのデータ分析コンテストに挑戦する.
                            ・提出はデータ分析に使用したコード(.py)と予測結果の出力(.txt)の二つを提出せよ．
                            ・予測精度の高さとコードの内容を総合的に評価する．
                            House Prices: Advanced Regression Techniquesのデータ分析に挑戦せよ．
"""

------------------------------------------------------
予測精度 (Accuracy): 0.12473
------------------------------------------------------

コードのコメントに関する部分は，丁寧な日本語にするため，生成AIに補助してもらった．

＜参考文献＞
muscle_nishimi. 「【Kaggle】「House Prices」をパクりながらやってみた。」. Qiita. https://qiita.com/muscle_nishimi/items/901ed94f3cdf1c8d893a (2026年1月13日閲覧)

以下，train_dataでの予測結果である．

Id,SalePrice
1461,124006.74149076478
1462,159152.08714361707
1463,185456.2639419878
1464,194799.2180995445
1465,190895.30377331798
1466,173018.8601806463
1467,178934.0577363999
1468,168738.2998745764
1469,187616.02930771667
1470,126120.83952954871
1471,191475.70745274547
1472,95112.58207290822
1473,98149.15432022428
1474,154354.27795035453
1475,129225.06592678721
1476,378956.6265661378
1477,251617.76743277203
1478,279626.9648808514
1479,282689.83261595323
1480,505698.99265036633
1481,346362.2861207339
1482,207333.57784792574
1483,177304.82053847113
1484,165404.4925382115
1485,180650.48543415466
1486,194884.2668912019
1487,348969.2468491764
1488,237072.7982976079
1489,193522.51816295926
1490,227044.1045468286
1491,184683.85250316304
1492,93654.78822936266
1493,175110.92844278793
1494,291065.0604074118
1495,298892.5911622395
1496,237656.51639155074
1497,185656.36056219152
1498,161099.86087928675
1499,161739.52751159132
1500,154776.29731222027
1501,172164.73586913332
1502,152677.38511821607
1503,285103.2722980319
1504,239296.6423606193
1505,223449.83613857138
1506,187404.95974005575
1507,232939.4309378818
1508,200275.33911942353
1509,164414.45822447722
1510,146993.74740475608
1511,142746.60186960522
1512,171706.61895697218
1513,132848.71740503068
1514,151023.30557782538
1515,175468.1979245651
1516,150782.62801870017
1517,159559.59954165164
1518,130431.55625030545
1519,206880.9894255618
1520,133911.05597555375
1521,133121.97383388822
1522,166357.76829785522
1523,117206.36722691567
1524,129423.24949167865
1525,125297.90902280105
1526,117051.64002999764
1527,111521.24902724754
1528,135643.9108516636
1529,146637.9723414161
1530,169948.92397477667
1531,103333.82260879943
1532,103405.22881919674
1533,151500.3886914845
1534,123936.01807735856
1535,157505.97563549803
1536,112489.5197248753
1537,61395.33219185097
1538,154581.00056132433
1539,196869.6032930846
1540,93271.154188147
1541,145058.85674803006
1542,135164.2957274699
1543,219455.45154919836
1544,75447.72036877241
1545,101966.49534514654
1546,125609.26926064224
1547,130412.27605107715
1548,134685.2956372507
1549,108572.88854696954
1550,135549.44423961916
1551,117933.55196775388
1552,133663.6649292116
1553,157274.5736304842
1554,116941.37571750442
1555,177399.8169878941
1556,94262.16348916593
1557,114957.54121300417
1558,92291.07450553309
1559,86864.35986601312
1560,144265.58775148963
1561,137199.1456662581
1562,130141.65666001567
1563,123092.33003560593
1564,155355.2458455395
1565,142775.5153166171
1566,228919.0149931066
1567,71635.72037260079
1568,232125.59166502554
1569,143264.11624097236
1570,133254.59548571886
1571,116999.06921464864
1572,146718.4080142569
1573,241674.02914856368
1574,116684.0694610706
1575,219216.95377784755
1576,225217.12341898907
1577,186125.51493393088
1578,152152.72074005794
1579,145040.54578403998
1580,189033.20010464458
1581,152575.0260117834
1582,133355.88696126512
1583,333701.34312271845
1584,230391.5238939639
1585,143171.65170528198
1586,73399.0303047744
1587,95379.16826231565
1588,144812.96285814123
1589,94094.069014596
1590,135239.60147970382
1591,98029.08686389816
1592,126401.49659368095
1593,133323.27918764277
1594,132755.16042458446
1595,119767.85830914394
1596,238479.35828437988
1597,187551.59982090382
1598,195260.77007911378
1599,170741.21525372926
1600,168490.81507790418
1601,69861.70845704811
1602,111572.92549298386
1603,91854.00514330203
1604,285409.0601384261
1605,230997.85321575787
1606,169139.62513196532
1607,161701.8975294549
1608,215604.84965508632
1609,186163.2621002134
1610,153976.64398988898
1611,139956.9301034574
1612,159818.1997823324
1613,155481.3062032268
1614,126898.71202994266
1615,89973.84297095494
1616,73345.73413216339
1617,92933.10917359022
1618,126244.58271493767
1619,137191.21603657448
1620,153600.17026013907
1621,134923.81925396196
1622,141942.87395629694
1623,264869.9981383018
1624,199319.7054671326
1625,122109.74935184998
1626,159150.19875986993
1627,185614.24651435376
1628,272442.57449562824
1629,175070.09722878918
1630,379753.9089462633
1631,211574.15933975353
1632,243941.04415669476
1633,170281.05455277927
1634,188760.9162392483
1635,177816.7100446276
1636,158821.06399730156
1637,200726.50053595743
1638,190684.37950576248
1639,183723.936702676
1640,265389.40058243007
1641,179722.40349599728
1642,223784.90697463168
1643,226416.0366905858
1644,227864.04081379526
1645,192641.7728220365
1646,162887.14398208263
1647,159589.30969146462
1648,133684.24446914767
1649,137757.20109370866
1650,114172.68363359022
1651,122944.32272588942
1652,97054.60946603642
1653,96946.25506813495
1654,150856.31510394037
1655,153665.25946563494
1656,147872.6028346125
1657,149290.87150420083
1658,147533.09220212264
1659,137974.6722672318
1660,151759.50276870243
1661,502760.2392120861
1662,414381.23613118817
1663,396252.5084974022
1664,501826.5256229937
1665,299981.14947804256
1666,345148.45764985605
1667,396040.7102727842
1668,330797.59597574157
1669,294219.63014992926
1670,344214.4610733432
1671,266803.32841989765
1672,472409.34400332964
1673,307406.1023415485
1674,245053.72041532796
1675,194569.04306459017
1676,198212.79993736182
1677,221548.03867727896
1678,457652.4582622152
1679,436560.08802621573
1680,349635.4750196851
1681,235030.1116952446
1682,311847.2560352315
1683,185441.75534645093
1684,174369.3853269985
1685,172196.21256569953
1686,169933.0773962452
1687,169811.9982695816
1688,186575.89768787593
1689,184402.51614052104
1690,187939.88164108692
1691,177821.06565049483
1692,254495.48738963334
1693,171353.9905848327
1694,183374.17767472743
1695,167099.44922849705
1696,275920.6138707546
1697,171654.8139732965
1698,377664.32637519453
1699,329160.1011395839
1700,250602.94554689227
1701,268620.6509292785
1702,254469.88975743877
1703,260460.86054679766
1704,291370.0208478661
1705,223962.43495938936
1706,451233.8040213845
1707,209104.97382220722
1708,208495.61415202476
1709,280578.2022526355
1710,218466.4580862885
1711,249403.891069405
1712,271911.7579030881
1713,270275.39954297367
1714,227633.52490401213
1715,197051.00535329542
1716,173655.6113548751
1717,165919.71021894625
1718,142444.01461256534
1719,195888.57148182733
1720,234478.22504472724
1721,160300.96642967
1722,130974.07263496653
1723,158449.80915801847
1724,204284.26703030177
1725,240481.4487280876
1726,188800.6190190896
1727,166143.36338550568
1728,178256.18382096835
1729,166997.77763085286
1730,154471.556368275
1731,121236.46906554927
1732,130813.52766312112
1733,116888.7757298535
1734,119651.86582648927
1735,132591.6974100135
1736,117628.07456720342
1737,350580.82079694775
1738,227362.77744925304
1739,284458.7075183444
1740,224978.05350989912
1741,194797.19446562117
1742,171776.7429413651
1743,171706.65513169533
1744,306262.6332897744
1745,216428.08153652487
1746,188634.19812475567
1747,221705.76100852134
1748,235951.29796101296
1749,158628.52994878098
1750,129738.02731208465
1751,249731.87137668036
1752,125282.25804211396
1753,137242.25809791553
1754,189386.4895170791
1755,173690.91895557108
1756,127597.44297224226
1757,120935.46980163781
1758,144117.64214875593
1759,164084.11615799248
1760,166111.87279054263
1761,140370.42097089038
1762,171586.6891011057
1763,167688.17579662212
1764,120664.62825849
1765,153661.78178125137
1766,175073.11099885887
1767,210199.4468986347
1768,144861.88572955868
1769,171054.52118831433
1770,143955.1993139728
1771,120676.29870722693
1772,141958.80557327133
1773,127458.26286514493
1774,138493.19728481764
1775,137884.0868631117
1776,123898.35184088259
1777,116114.39255902356
1778,137510.34052036662
1779,114414.507282237
1780,171850.46322306414
1781,131529.52578686684
1782,91695.48552899054
1783,143377.00733688424
1784,102577.91678943658
1785,122003.05127316006
1786,127169.91865773767
1787,155448.79996844058
1788,63213.49499437296
1789,90675.88698335867
1790,83531.62123093252
1791,167568.18028844308
1792,154784.09060882666
1793,127832.74174634316
1794,142877.90438072066
1795,134525.54656855526
1796,120377.10414333489
1797,109430.98724125088
1798,122443.08474342081
1799,110897.14842002185
1800,128386.89871580513
1801,132795.63066488848
1802,121155.86839305732
1803,141867.95632289824
1804,139909.75920785667
1805,139022.29449358225
1806,119549.37529777063
1807,132425.6064267501
1808,116994.38183401157
1809,119634.46819028172
1810,144213.4656816472
1811,105284.98292687655
1812,97411.50485098205
1813,128922.52335123696
1814,93599.49196568075
1815,54339.10233448112
1816,98304.6004011747
1817,101864.00585932838
1818,149551.32730555814
1819,128051.63427515504
1820,65539.70084155959
1821,99298.97651399822
1822,143274.92343963042
1823,47561.32815223422
1824,138650.9775258773
1825,130073.01938340852
1826,101903.73917157983
1827,101682.58578352118
1828,133913.76427802164
1829,111510.22404423216
1830,140595.0144689614
1831,151731.57202161668
1832,87689.12312239179
1833,134309.35785206172
1834,117606.38945846833
1835,138656.79445171898
1836,125792.17495747701
1837,85929.07286712938
1838,129552.40761658306
1839,97622.83348166553
1840,147652.21095256804
1841,144665.29286499476
1842,84339.76595817751
1843,125977.90266187159
1844,135537.60134617102
1845,135857.54889410056
1846,154031.31772030477
1847,171278.36011231376
1848,60044.2444057584
1849,101910.43090437815
1850,119537.96473417811
1851,154352.5630498271
1852,127619.03620853805
1853,133250.12933085626
1854,165927.4280097531
1855,137472.66301880675
1856,214109.77204689558
1857,146478.985780192
1858,143825.19622383118
1859,120498.90108782492
1860,160316.36323525748
1861,119951.96020753321
1862,277942.0828029585
1863,275040.9430632218
1864,275040.9430632218
1865,317836.1166098123
1866,332420.6319529486
1867,236631.02201654072
1868,315799.8437998481
1869,209177.0387492723
1870,230798.37162556796
1871,241120.25297954818
1872,170584.21508152923
1873,245608.46885520808
1874,142698.5857803837
1875,199887.48678143483
1876,195038.1240424128
1877,209722.5444448341
1878,199632.58164105233
1879,133154.57600783336
1880,137181.21145115592
1881,240789.83217039722
1882,261453.96327376866
1883,195203.6181178754
1884,206521.05813829126
1885,249681.99154099263
1886,317610.32365947496
1887,207839.62787783897
1888,281071.6677189028
1889,155577.26612380834
1890,126821.13906832514
1891,132998.24533591885
1892,104658.99222203143
1893,132880.93644354402
1894,125692.64780385143
1895,136056.30780853215
1896,126066.66771323656
1897,116482.76940308367
1898,114359.51477197713
1899,149076.90017633955
1900,156093.74123529473
1901,167512.74722410535
1902,144701.63851103556
1903,225597.9151428874
1904,132853.987691974
1905,194890.9789112532
1906,178730.33712153154
1907,208107.35637510594
1908,110835.86729288982
1909,141305.9923622095
1910,123540.22560582627
1911,205864.976411611
1912,306480.37458916457
1913,147874.88585817764
1914,63619.03026435757
1915,316028.73410249816
1916,66215.25739583846
1917,236000.41033235533
1918,138739.44308674915
1919,168522.21667170562
1920,136613.4640455932
1921,460100.7687100662
1922,324129.7048256871
1923,223854.80763715663
1924,240237.78335028127
1925,197339.20142954768
1926,418624.3479604158
1927,130887.00579611449
1928,152838.83300584625
1929,123328.39044237458
1930,126107.31752372679
1931,141169.76375628
1932,135811.0519125881
1933,169206.02581700723
1934,179365.71280248926
1935,171007.61935538193
1936,186981.35073015734
1937,181572.5022628937
1938,181046.55746146466
1939,242526.81573847012
1940,190917.4697332689
1941,171330.55425993944
1942,190920.7492029015
1943,208176.92339814658
1944,362450.20738571574
1945,399734.39575499383
1946,148418.89220711894
1947,314466.7317824296
1948,177614.6304809003
1949,238694.67142797017
1950,180311.89005468917
1951,252780.66678063685
1952,225328.86892015283
1953,167972.29899456
1954,180263.4197884638
1955,136474.81716165692
1956,302860.7878777445
1957,159110.76277642036
1958,288409.2532113175
1959,139875.0218705943
1960,115466.73960339697
1961,120242.67819348644
1962,95994.0615928514
1963,100791.32584578969
1964,111820.22557218425
1965,149577.79395895486
1966,144931.44048213528
1967,272971.4464766504
1968,447160.9094968793
1969,413968.43317071727
1970,486716.9536205126
1971,478263.3104700055
1972,401822.88510653627
1973,268402.7830303564
1974,316021.6641117285
1975,504937.4450258987
1976,258939.0321994483
1977,360049.4731348729
1978,384308.8357719569
1979,341387.8635302511
1980,198375.27222875578
1981,340116.678554065
1982,224243.33276959325
1983,204649.42112652777
1984,172423.50837961398
1985,218001.72669634098
1986,212950.41898756978
1987,177691.45799996235
1988,178367.58913059018
1989,193520.3930707527
1990,212820.18194070924
1991,227900.0158892544
1992,204634.08696812383
1993,171097.3986095009
1994,236822.9464537547
1995,182315.25083004037
1996,253632.01412325687
1997,323062.36572528706
1998,340073.59585388406
1999,265433.9586371333
2000,326090.7093140879
2001,267958.6690084909
2002,247346.56967657956
2003,266910.2272527795
2004,264313.56080500234
2005,214950.66835644926
2006,225603.8403295142
2007,249549.9871626345
2008,209963.81783934587
2009,185830.67426287069
2010,188803.15234264734
2011,146942.10013345035
2012,170710.56931452875
2013,175937.61965749905
2014,184510.64320951415
2015,195913.7626045794
2016,187606.7587278162
2017,194287.36603100807
2018,123700.32762302112
2019,134480.3164913842
2020,111772.12535979367
2021,107299.06429945919
2022,188561.20846922934
2023,139247.71473977625
2024,254686.84525633382
2025,390649.40935657785
2026,176222.57405064369
2027,153907.6149293553
2028,150557.10684221887
2029,171409.4505599987
2030,273725.04964474693
2031,229416.75396486965
2032,245992.821645371
2033,269435.8459343087
2034,166580.81277462424
2035,207143.36779516225
2036,196185.28429193437
2037,200980.35509161267
2038,294733.1428283491
2039,206594.01307447487
2040,327509.2605076559
2041,294712.7208399508
2042,197515.1218671975
2043,178922.56351109725
2044,170155.08843987001
2045,225262.08369744112
2046,150905.83788203055
2047,141573.38501607295
2048,138205.19891830924
2049,135753.4214524481
2050,177921.1717974225
2051,108432.91841304259
2052,128486.04857745075
2053,145250.38790519058
2054,83680.78587670377
2055,155257.8711711737
2056,143142.9239864505
2057,120192.73436882698
2058,212050.38373610697
2059,133083.69098759294
2060,174376.4862371346
2061,169827.03700929513
2062,134707.72566413315
2063,114591.22148290565
2064,143853.7349951266
2065,115349.21727171626
2066,159706.31976012266
2067,115807.85612623967
2068,142206.34696112812
2069,81190.82419497309
2070,115706.46715606777
2071,90817.75896506719
2072,135669.74186915584
2073,137264.17387895376
2074,182686.30589951685
2075,146299.02575991568
2076,120631.67064190123
2077,155422.90423125608
2078,126248.43979876404
2079,139143.35611315162
2080,124131.66520657369
2081,128867.09187290462
2082,123430.4536664232
2083,142226.3217462259
2084,118540.91561847387
2085,121828.80876795083
2086,97306.57619188212
2087,123924.16344982998
2088,96652.29497032957
2089,77466.65634723037
2090,130760.98997506694
2091,122589.71127955156
2092,127939.28809518355
2093,122450.1525297108
2094,118434.30581627984
2095,152025.2235606792
2096,76977.5385068773
2097,94368.38239777347
2098,137261.2454782423
2099,62406.53711490532
2100,84971.29186258082
2101,124412.63910803123
2102,126148.46065481922
2103,105568.27880174448
2104,127752.83492803665
2105,126022.53121741189
2106,64024.320147714534
2107,222632.30986674258
2108,114801.76967372982
2109,111594.07095427344
2110,128793.61562798485
2111,149083.3836636833
2112,138317.02876615277
2113,116874.76352054611
2114,109785.13044340025
2115,162564.52035293062
2116,118144.11533171478
2117,145487.4611320134
2118,127427.26939621018
2119,109829.57345624227
2120,109127.14204956676
2121,86845.93219722151
2122,103945.21976509626
2123,85600.29634404519
2124,159764.6699690359
2125,124555.92267613634
2126,142331.81502460418
2127,143238.21433355164
2128,119478.35112895384
2129,99210.50557240519
2130,130673.17029264862
2131,135015.07073897345
2132,123755.90380578088
2133,125558.53415380947
2134,117943.51063255918
2135,94999.69258559072
2136,75279.87348937981
2137,109385.46143099444
2138,131870.45573526926
2139,151640.97558696457
2140,139294.2062086796
2141,140123.85585471784
2142,124179.75631640006
2143,141418.4258941986
2144,115116.54620516609
2145,136072.41021173127
2146,165241.38826433252
2147,163850.05059412276
2148,140384.9825195101
2149,135255.1747168489
2150,235532.92279960588
2151,117991.32843115342
2152,169472.36495753226
2153,167043.49425145742
2154,104935.44326696785
2155,132874.4233235909
2156,247029.61861556792
2157,229242.52881373613
2158,236644.13215426973
2159,200923.0224281706
2160,172323.87909395574
2161,242214.75841274945
2162,419475.25772017764
2163,354157.79386774084
2164,231500.19018442882
2165,199661.35554350726
2166,145153.09470114694
2167,221999.59663305798
2168,204802.4074959026
2169,191655.41445669584
2170,220226.77838073162
2171,145386.22587407872
2172,137778.36784559765
2173,170685.60715231457
2174,238976.862902277
2175,298516.5248146364
2176,327547.8646822943
2177,247286.11709052164
2178,210253.18432701912
2179,141296.87254487196
2180,221324.5206578063
2181,189208.57125028185
2182,220918.39981374028
2183,193372.48164838098
2184,122085.63149828416
2185,120329.95396122227
2186,138619.73627219629
2187,150064.38470970717
2188,150222.2655222388
2189,223402.0448888132
2190,79724.37819223346
2191,84339.25501112432
2192,89064.42824289904
2193,103977.35064591854
2194,103636.12847323925
2195,110459.19823152525
2196,98967.53942422569
2197,119674.6379270845
2198,166202.83716080704
2199,174697.50937511976
2200,147156.95613211734
2201,138780.4057288309
2202,204528.95807217027
2203,144223.5722213541
2204,191106.53198152114
2205,120839.62213243215
2206,147032.16868489096
2207,198839.9888642754
2208,254560.2812778399
2209,218681.8050885612
2210,115662.30360260898
2211,118545.41165028936
2212,119732.99406595541
2213,104217.10099362758
2214,126978.79920400247
2215,108963.76314934863
2216,137995.61019965928
2217,68972.46329194104
2218,73717.93296231146
2219,70189.24355358366
2220,73307.05443949833
2221,317891.1924239575
2222,277792.5590327155
2223,272924.65078896174
2224,194283.1144579198
2225,118911.28997337903
2226,170980.40572752728
2227,203871.47708318318
2228,268041.2581453644
2229,250705.21257531137
2230,153970.3651906727
2231,208720.86253308455
2232,183007.40973766064
2233,179732.5236051465
2234,234495.25457336692
2235,220082.46660880215
2236,285073.12761306757
2237,363270.0652612749
2238,191948.58641758937
2239,113571.86293012643
2240,159472.13666058317
2241,148859.06784841395
2242,125958.0146772093
2243,126512.35712846692
2244,101642.63279699156
2245,93983.51604343284
2246,140559.03606854245
2247,111833.58879178062
2248,128695.19864631264
2249,124573.29549910127
2250,129702.40024343552
2251,104825.50597826189
2252,162927.54256418408
2253,151320.1131760579
2254,171888.7291858947
2255,187212.08877617962
2256,178714.24430724603
2257,210840.44698571315
2258,167175.4501857475
2259,178490.54506964894
2260,162704.05451168856
2261,187622.63000224842
2262,206479.89316483188
2263,356571.65141225763
2264,473559.9385118456
2265,175843.206605526
2266,287911.42518004106
2267,389510.0173475444
2268,403719.5547757603
2269,151304.32777867952
2270,187778.60088666587
2271,227539.5810937197
2272,200164.73665771083
2273,169529.13814929154
2274,181561.4746783057
2275,170505.85128446942
2276,194456.4206769883
2277,186331.23387008638
2278,143379.61875197088
2279,126354.01318104222
2280,122122.7443378842
2281,163249.10702602266
2282,182978.7427845649
2283,100816.42739240239
2284,111483.31721520242
2285,146461.99663504248
2286,125198.5108583438
2287,353004.0878355372
2288,259674.75855498272
2289,416201.2546735701
2290,488725.80960024864
2291,325757.71252915415
2292,457650.9344667043
2293,458669.5999645756
2294,433812.89071491425
2295,474230.1839709582
2296,305173.81246498256
2297,317802.6446539057
2298,329078.10235322797
2299,378933.8621054759
2300,332139.519561657
2301,274771.85743455787
2302,242702.74321072162
2303,248189.25072015251
2304,246075.898407281
2305,196466.2954305317
2306,194535.9409141584
2307,197347.8815545069
2308,230288.07352986588
2309,276131.2709822131
2310,205858.01381490784
2311,200696.25322471868
2312,178405.19856860448
2313,178584.22885259986
2314,169641.3249320789
2315,172006.64145002238
2316,186049.04004511426
2317,193038.92152026857
2318,177407.73101388747
2319,177917.65220632698
2320,182850.73036923265
2321,239660.52715288097
2322,174542.78816333893
2323,181837.74665980274
2324,172396.94345464552
2325,217534.49902773678
2326,169164.12401146145
2327,208880.5938374341
2328,222729.17804497914
2329,189782.08694682404
2330,178492.35137227213
2331,386164.5265688416
2332,430223.0931972043
2333,322882.8020936228
2334,252081.42073251845
2335,276290.14712443
2336,324037.93128789135
2337,200421.15171599577
2338,273185.5189056942
2339,223729.7007697875
2340,394804.54123441473
2341,229285.9813433012
2342,239809.72841766692
2343,226569.00093758735
2344,217926.96901130068
2345,241631.8179968411
2346,210743.49508359504
2347,195766.81614510305
2348,235276.92096653432
2349,180606.33521854237
2350,279885.3770805412
2351,248031.34718096236
2352,251920.67274719384
2353,226817.4920525868
2354,139288.91439923248
2355,145016.0966929501
2356,151771.9702914629
2357,189834.93537792016
2358,189293.0528088529
2359,132370.9457830917
2360,119235.05305317036
2361,147562.80960965244
2362,287901.99577836756
2363,139768.42993480514
2364,153769.6738967827
2365,224978.80185802584
2366,191789.39261277782
2367,233172.0174981179
2368,214855.33792397936
2369,229393.76704516594
2370,170438.0527278936
2371,172151.90783408398
2372,187399.0065785613
2373,279779.91404383566
2374,308800.2406612275
2375,249056.55453359496
2376,300931.9033898944
2377,356548.8569376377
2378,152818.67181229327
2379,194555.0210754562
2380,146509.45288903062
2381,170663.7491515602
2382,202350.63328864082
2383,207880.5393419578
2384,243243.90701136028
2385,167010.7069717338
2386,142670.46681194723
2387,137246.77678954674
2388,97071.2949420365
2389,125839.56872308369
2390,144912.2670873769
2391,137590.78380694523
2392,117490.75912829145
2393,165327.80802419264
2394,143908.46008101382
2395,199808.9174717922
2396,142769.1329749254
2397,216222.57938609808
2398,133187.90531178936
2399,60276.79707883641
2400,61326.442056589956
2401,109283.91613699139
2402,140775.43089011972
2403,133626.33902600355
2404,154122.55146254497
2405,157126.0105032568
2406,140336.64542029603
2407,126706.81393009017
2408,143429.16629954148
2409,126751.54425975146
2410,157304.48946205876
2411,124771.41518174052
2412,154882.23602339078
2413,131518.6390082786
2414,140530.01278344175
2415,133321.18632025123
2416,125552.7829967901
2417,134955.08316900133
2418,132138.0838771281
2419,127651.53328398103
2420,128464.28193137325
2421,147083.47989188173
2422,110965.61293696119
2423,121951.6070428709
2424,147176.83323845654
2425,195268.72490018734
2426,131959.6489322955
2427,128952.55641207175
2428,173141.28979159315
2429,116866.710665861
2430,130112.14056348153
2431,113215.71427198518
2432,141877.38545109457
2433,144743.03343481518
2434,137982.88877322074
2435,143561.80410065144
2436,107955.23397369604
2437,110791.57009828828
2438,127957.25787779692
2439,111184.7575744009
2440,122106.02273426625
2441,95747.56203939968
2442,102052.80072341223
2443,125588.06193005896
2444,128831.57165897563
2445,83340.10948514502
2446,130097.67610849478
2447,184124.8148762289
2448,131252.24423493198
2449,102692.21713911206
2450,144223.39576271994
2451,129779.22120332292
2452,214453.47141454098
2453,94228.00433331054
2454,116848.48864361546
2455,119133.27720946306
2456,134155.85350248287
2457,125578.21250614064
2458,114800.70077757257
2459,110921.04432425961
2460,138517.8821842542
2461,119512.29084351793
2462,136130.6495235274
2463,121473.33857491042
2464,170184.55394342067
2465,132522.36871909312
2466,109128.12802088595
2467,143318.48379536287
2468,73612.67470092283
2469,78852.77716419137
2470,184428.06180101322
2471,211160.7918907717
2472,154226.01242905646
2473,119059.18010013181
2474,79529.4171079765
2475,214368.29366193552
2476,120842.64584699996
2477,128901.64956171555
2478,145424.02996604145
2479,105950.98019346171
2480,144160.01301704723
2481,118044.80730235067
2482,131848.30041506104
2483,113499.83854309774
2484,123744.690083633
2485,128543.60766085761
2486,152588.00934230234
2487,167735.99113739093
2488,166925.20876652648
2489,145428.99457783054
2490,144973.93720703258
2491,88096.19085049718
2492,185111.36826480724
2493,142619.3473215758
2494,153779.3084587621
2495,87339.8448204325
2496,254643.77951999253
2497,153787.8717172969
2498,116721.6887683541
2499,85760.82903822817
2500,126841.10804325061
2501,138100.1101137379
2502,150365.31271823286
2503,105085.72101126956
2504,170896.11564466642
2505,215436.64433430845
2506,252784.20932815014
2507,309800.68571948016
2508,252338.64470862722
2509,215961.8320710262
2510,223204.03311633048
2511,179622.76273258947
2512,206969.81049896617
2513,211985.2138100607
2514,242674.5506104076
2515,148679.2551264775
2516,165479.6682500626
2517,139796.58152027402
2518,154698.04128147854
2519,224008.23179580647
2520,207295.0582101012
2521,186883.07860529967
2522,221934.4944077548
2523,122381.65913733699
2524,137809.3072008599
2525,146663.24541434014
2526,144601.09188340922
2527,118409.3474430015
2528,129983.36742067667
2529,140740.94337101222
2530,123941.56197691883
2531,258920.59041440504
2532,228948.91758335606
2533,196526.30833585246
2534,232275.8785000073
2535,315627.8228435774
2536,229331.39161881135
2537,231242.42981872757
2538,181184.9393280893
2539,189101.7577475057
2540,180185.79227791753
2541,177839.02322184385
2542,170526.30335026715
2543,124961.47944859944
2544,119014.65893670364
2545,138080.12404351242
2546,125739.59358235984
2547,131736.14681778883
2548,146534.0965785983
2549,155654.14528197155
2550,486124.3533595227
2551,134480.4160727372
2552,125684.25460656638
2553,75160.93676685198
2554,111701.75569801521
2555,115063.3444016073
2556,97665.90466246722
2557,107302.75830585849
2558,150173.68278610846
2559,141655.90747556285
2560,143547.96210310515
2561,142045.7447630449
2562,132375.37345398706
2563,150995.70872721635
2564,202375.47317921207
2565,131995.3271458052
2566,172234.91147400448
2567,141862.01712700745
2568,198960.62920371327
2569,208481.324695851
2570,113793.82347042102
2571,181926.95377384126
2572,159930.60715663913
2573,224666.77920192297
2574,263206.96404366347
2575,126952.93981097116
2576,129097.81065244314
2577,149421.19726489222
2578,85842.0573325313
2579,71403.01546290985
2580,122004.20057044482
2581,115926.70819330378
2582,114145.65812860179
2583,282589.7716345301
2584,168793.5963364837
2585,174349.37100142046
2586,214876.56273092297
2587,184078.658531583
2588,148192.9029468903
2589,141063.88008488162
2590,217492.69029472646
2591,230066.4739142149
2592,217533.22445279898
2593,250052.96634873262
2594,183229.41060842865
2595,194685.6387346933
2596,319070.60702706274
2597,185749.73553000763
2598,302054.9600866335
2599,321488.4025521171
2600,128609.78355985465
2601,146296.44499205775
2602,79986.56641090612
2603,92524.08269306691
2604,88540.4902482225
2605,76391.26712480187
2606,144505.7270131488
2607,188833.74810299944
2608,195741.02367698358
2609,170788.95756292157
2610,115359.71230213222
2611,118184.73621269428
2612,154965.41906961898
2613,132946.30785957054
2614,131168.89051354467
2615,153796.70421834107
2616,141179.22640117854
2617,164027.06061419667
2618,194197.19420075175
2619,195659.63663545527
2620,187073.20620687897
2621,176933.99840953908
2622,182965.61948467544
2623,250997.13426471053
2624,313536.203453611
2625,310695.45174496976
2626,177351.63666234276
2627,168431.88924556487
2628,496720.0337697303
2629,484255.8598035324
2630,352788.588738121
2631,457551.690479996
2632,447709.5594394439
2633,310865.20166032284
2634,434974.11403555813
2635,159449.48517065935
2636,181508.142294063
2637,175885.29374893013
2638,265242.43084465916
2639,192835.37889247297
2640,156483.46454245457
2641,106465.17889843138
2642,181558.55021140305
2643,100054.54653071713
2644,128490.75975021576
2645,101814.394169518
2646,94160.4415207261
2647,101746.27140609248
2648,144712.50754025404
2649,148501.8046790015
2650,144681.34312317477
2651,145737.61504194493
2652,462098.6689685945
2653,252191.27738842182
2654,245155.80308958376
2655,420179.9707253366
2656,313540.9801259174
2657,361465.61566356
2658,298362.50443394744
2659,307157.19064273505
2660,355985.28849651
2661,344918.5611179395
2662,364943.64977750584
2663,277742.1628672214
2664,268458.3442583158
2665,310577.2262679632
2666,284830.0607614909
2667,168757.9075507014
2668,176243.6590090912
2669,178747.87583174277
2670,273309.9069172268
2671,176762.4964516781
2672,193522.60500904373
2673,202837.43585479358
2674,198967.54243290785
2675,166759.84128287356
2676,183416.3401754975
2677,190568.7185073022
2678,256448.50927874068
2679,270290.92213766236
2680,277728.3476824859
2681,436034.5723754512
2682,321681.2781298443
2683,513463.2943093262
2684,327925.86933286424
2685,329661.43098264403
2686,260654.2466356746
2687,320023.26838811924
2688,219622.11479092046
2689,202630.31520176603
2690,487952.0198023335
2691,190389.80201543623
2692,137489.42582154166
2693,187966.40375441738
2694,138059.20144013836
2695,187729.91147241212
2696,177894.63219927793
2697,178424.06431698895
2698,188141.45129332438
2699,182462.10662166364
2700,159648.57467016426
2701,149677.07114102365
2702,112517.41851250188
2703,128422.95654938159
2704,137668.50365513845
2705,122256.35473341189
2706,113103.28174094621
2707,127699.44514226873
2708,134594.17834536821
2709,104265.5473183944
2710,124795.34187674726
2711,307353.85680100473
2712,404978.769619337
2713,169537.0761132362
2714,153075.8631101958
2715,167900.70962545
2716,148523.2641023853
2717,184341.7096288333
2718,230677.23217240925
2719,165192.0641874408
2720,176180.8552662345
2721,135122.61289066178
2722,155446.0104162906
2723,137512.78395673836
2724,128924.31698066817
2725,133566.8837438353
2726,144400.8626670251
2727,174679.94045907535
2728,169044.87795600054
2729,147204.67905049943
2730,144306.75155877433
2731,130726.98821537112
2732,128133.9149338383
2733,155214.0275771583
2734,142516.72095213507
2735,137518.53279335177
2736,140799.42078021518
2737,123221.05629873087
2738,132973.72349287485
2739,161572.58906342147
2740,129197.5985119211
2741,141642.0074272407
2742,147791.98554384813
2743,149809.31007745996
2744,153606.4946843113
2745,137715.09676574648
2746,137769.2609956529
2747,139430.31960059
2748,114591.24304835926
2749,129078.56810691654
2750,135451.44143787504
2751,137353.64512723294
2752,180238.14950986725
2753,148166.10313088517
2754,191107.63789044283
2755,137754.05078176604
2756,92623.97917001774
2757,66597.91717313304
2758,83954.12310842637
2759,151225.43259544505
2760,120855.48169717171
2761,146653.94108984695
2762,145544.9727504632
2763,176850.29757091272
2764,150023.29542010042
2765,279752.164102227
2766,139340.0675788484
2767,84728.53123361887
2768,127652.40017881761
2769,124654.83493862665
2770,143406.54108732115
2771,118239.28659670257
2772,120235.79238282792
2773,161370.6095930635
2774,139906.6688791076
2775,116997.17166830765
2776,140531.13729478186
2777,146104.26776519034
2778,99927.33666567672
2779,124133.84805368712
2780,99024.82452808785
2781,100872.46745171346
2782,94096.93531958111
2783,103765.19122622811
2784,127066.65379298243
2785,135358.0141842958
2786,74657.90880852487
2787,126784.3590144647
2788,75940.42564043836
2789,179280.10521139146
2790,93342.92879911876
2791,114103.75904247082
2792,63103.76269602771
2793,157583.56814923452
2794,93986.85222659163
2795,120952.44840741156
2796,95837.01489679395
2797,173055.34704525076
2798,105345.75785968312
2799,117005.4056935518
2800,60884.48302507591
2801,108096.13741906876
2802,134158.9294913728
2803,151086.61009238902
2804,128833.21564474457
2805,94143.92067586049
2806,87096.99563482824
2807,154631.77843713557
2808,148960.06152974005
2809,137603.14600107085
2810,130549.10961737821
2811,152571.29201458686
2812,151324.58212856416
2813,140885.0474672181
2814,145465.17652479652
2815,98567.3055078316
2816,252797.3954247546
2817,146272.1621586618
2818,129827.48382844676
2819,166490.31096201905
2820,141127.74658239228
2821,106877.99049142492
2822,193655.53899965686
2823,263564.84716813196
2824,168742.15548610623
2825,129873.91268918189
2826,133478.92904139453
2827,137360.8931831944
2828,210555.98154711083
2829,199976.44787446162
2830,228280.60439689402
2831,171045.2692928979
2832,248967.64100700122
2833,286142.31417684536
2834,211402.58100420152
2835,220017.65696415427
2836,186466.4836784594
2837,161417.2050932866
2838,152968.68563397197
2839,175902.10167322974
2840,197944.54203640745
2841,204658.55154801536
2842,226432.2384759541
2843,154091.9186171024
2844,169860.8476169421
2845,125921.19992166234
2846,206615.518206322
2847,198924.78149843245
2848,214693.969205144
2849,205644.118717
2850,277171.03970791824
2851,234552.89842434326
2852,233021.21024290172
2853,236593.37650521012
2854,143253.42268139689
2855,203870.8313501895
2856,200781.913062227
2857,184938.88199914587
2858,200187.9074472668
2859,122259.08714473076
2860,125605.30063498688
2861,115853.19348387697
2862,182707.29050110577
2863,117635.24349459216
2864,234040.32817371565
2865,134039.97686615298
2866,143915.37535466847
2867,91651.54023084782
2868,100214.65526051927
2869,108664.31756348668
2870,125411.63930627811
2871,76500.8016354653
2872,53207.12901263356
2873,99101.18516760264
2874,142274.38728662825
2875,122281.72997383865
2876,159337.7289338573
2877,132724.42218903266
2878,165419.7609633727
2879,143665.6449590337
2880,108328.17166264774
2881,150701.94928984198
2882,176357.78035095104
2883,190571.4024275319
2884,190426.4745787371
2885,193399.37149202233
2886,222482.3389784527
2887,95354.87106872215
2888,140326.81853148123
2889,52817.21592897048
2890,81407.25451636352
2891,137188.7008055038
2892,55281.28615598351
2893,92121.20131122846
2894,57241.088748209935
2895,319212.90727421164
2896,295718.4563307294
2897,189868.66813649388
2898,142119.90128023102
2899,202382.4226348224
2900,155738.34822964502
2901,206291.5543927987
2902,194062.7535577585
2903,349726.656282771
2904,354560.95554120257
2905,94689.34322214617
2906,191154.7373386941
2907,106265.99138126154
2908,134809.18781069404
2909,138734.8360132506
2910,81384.2965341006
2911,78185.87809645073
2912,140023.03307215899
2913,85038.00677172466
2914,79345.36587623334
2915,85532.80255732744
2916,84470.78169770811
2917,160278.24152130046
2918,121706.04356701055
2919,201865.64017502582